1 0 19.47
4 19.47 9.735
1 29.205 19.47
2 41.739 1
3 48.675 9.735
1 58.41 21.417
2 67.559 1
4 79.827 9.735
1 89.562 17.523
2 90.379 1
5 107.09 9.735
2 111.58 1
1 116.82 21.417
2 137.64 1
3 138.24 9.735
1 147.97 21.417
2 163.08 1
5 169.39 9.735
1 179.12 17.523
2 185.7 1
3 196.65 9.735
2 199.64 1
1 206.38 19.47
2 218.44 1
5 225.85 9.735
2 233 1
1 235.59 19.47
2 246.26 1
4 255.06 9.735
2 260.44 1
1 264.79 19.47
2 277.82 1
3 284.26 9.735
1 294 21.417
2 295 1
2 314.78 1
5 315.41 9.735
1 325.15 17.523
2 335 1
4 342.67 9.735
1 352.41 17.523
