1 0 23.364
3 23.364 11.682
2 26.159 1
1 35.046 21.417
2 53.899 1
5 56.463 11.682
1 68.145 23.364
2 77.559 1
3 91.509 11.682
2 98.599 1
1 103.19 25.311
2 120.9 1
4 128.5 11.682
1 140.18 23.364
2 149.88 1
5 163.55 11.682
2 168.84 1
1 175.23 25.311
2 179.86 1
2 193.14 1
4 200.54 11.682
1 212.22 25.311
2 221.98 1
2 234.84 1
5 237.53 11.682
1 249.22 23.364
2 260.82 1
4 272.58 11.682
2 278.52 1
1 284.26 21.417
2 292.54 1
5 305.68 11.682
1 317.36 23.364
2 319.26 1
2 335.6 1
3 340.73 11.682
2 347.86 1
1 352.41 21.417
2 370.48 1
4 373.82 11.682
1 385.51 21.417
2 397.62 1
3 406.92 11.682
2 415 1
1 418.61 25.311
