1 0 19.47
5 19.47 9.735
1 29.205 19.47
2 32.219 1
4 48.675 9.735
2 54.999 1
1 58.41 17.523
2 68.859 1
5 75.933 9.735
1 85.668 17.523
2 96.859 1
3 103.19 9.735
1 112.93 21.417
2 123 1
4 134.34 9.735
2 140.1 1
1 144.08 19.47
2 156.48 1
5 163.55 9.735
1 173.28 17.523
2 186.38 1
3 190.81 9.735
1 200.54 19.47
2 202.18 1
4 220.01 9.735
2 224.32 1
1 229.75 21.417
2 242.18 1
5 251.16 9.735
2 252.28 1
1 260.9 21.417
2 276.48 1
3 282.31 9.735
2 288.48 1
1 292.05 21.417
2 312.1 1
4 313.47 9.735
1 323.2 17.523
2 335 1
3 340.73 9.735
1 350.46 19.47
