1 0 23.364
5 23.364 11.682
1 35.046 23.364
2 36.219 1
2 52.659 1
4 58.41 11.682
1 70.092 23.364
2 78.499 1
2 92.499 1
3 93.456 11.682
1 105.14 21.417
2 115.5 1
5 126.56 11.682
2 129.06 1
1 138.24 25.311
2 146.06 1
3 163.55 11.682
2 172.5 1
1 175.23 23.364
2 189.44 1
4 198.59 11.682
2 206.08 1
1 210.28 21.417
2 222.78 1
3 231.69 11.682
1 243.38 25.311
2 246.14 1
2 260.3 1
5 268.69 11.682
2 279.08 1
1 280.37 25.311
2 300.5 1
4 305.68 11.682
1 317.36 23.364
2 323.56 1
3 340.73 11.682
2 346.86 1
1 352.41 21.417
2 370.42 1
5 373.82 11.682
1 385.51 25.311
2 389 1
4 410.82 11.682
2 415 1
1 422.5 21.417
