1 0 24.948
4 24.948 12.474
2 27.279 1
1 37.422 22.869
2 56.399 1
5 60.291 12.474
1 72.765 22.869
2 80.279 1
3 95.634 12.474
2 105 1
1 108.11 27.027
2 120.28 1
4 135.13 12.474
2 139.74 1
1 147.61 27.027
2 150.88 1
2 170.88 1
5 174.64 12.474
1 187.11 27.027
2 199.74 1
4 214.14 12.474
2 215.54 1
1 226.61 24.948
2 239.74 1
3 251.56 12.474
2 260.2 1
1 264.03 22.869
2 271.08 1
2 284.96 1
5 286.9 12.474
1 299.38 22.869
2 312.68 1
4 322.25 12.474
2 330.5 1
1 334.72 24.948
2 356.62 1
3 359.67 12.474
1 372.14 24.948
2 378.8 1
5 397.09 12.474
2 399.34 1
1 409.56 27.027
2 418.88 1
2 435 1
3 436.59 12.474
1 449.06 24.948
2 455 1
