1 0 24.948
3 24.948 12.474
2 30.619 1
1 37.422 24.948
2 53.779 1
4 62.37 12.474
1 74.844 24.948
2 78.159 1
5 99.792 12.474
2 103.02 1
1 112.27 27.027
2 115.98 1
2 131.12 1
3 139.29 12.474
1 151.77 24.948
2 158.94 1
4 176.72 12.474
2 188.1 1
1 189.19 22.869
2 200.28 1
5 212.06 12.474
2 217.12 1
1 224.53 27.027
2 227.46 1
2 237.74 1
4 251.56 12.474
2 260.1 1
1 264.03 22.869
2 270.94 1
5 286.9 12.474
2 295.08 1
1 299.38 27.027
2 322.12 1
3 326.4 12.474
2 337.98 1
1 338.88 24.948
2 355.62 1
5 363.82 12.474
1 376.3 22.869
2 385.28 1
4 399.17 12.474
2 399.92 1
1 411.64 22.869
2 425.28 1
3 434.51 12.474
1 446.99 27.027
2 455 1
