1 0 24.948
4 24.948 12.474
2 27.559 1
1 37.422 24.948
2 46.639 1
4 62.37 12.474
2 70.179 1
1 74.844 22.869
2 87.979 1
3 97.713 12.474
2 100.08 1
1 110.19 27.027
2 129.88 1
3 137.21 12.474
1 149.69 27.027
2 155.58 1
4 176.72 12.474
2 183.48 1
1 189.19 24.948
2 196.92 1
2 210.36 1
4 214.14 12.474
1 226.61 27.027
2 227.86 1
2 250.36 1
4 253.64 12.474
1 266.11 24.948
2 272.56 1
3 291.06 12.474
2 300 1
1 303.53 27.027
2 326.56 1
3 330.56 12.474
1 343.04 22.869
2 347.48 1
2 357.68 1
3 365.9 12.474
1 378.38 22.869
2 383.02 1
3 401.25 12.474
2 409.58 1
1 413.72 22.869
2 424.24 1
4 436.59 12.474
2 438.54 1
1 449.06 24.948
2 455 1
