1 0 24.948
4 24.948 12.474
1 37.422 27.027
2 42.159 1
3 64.449 12.474
2 71.619 1
1 76.923 24.948
2 85.579 1
2 96.839 1
3 101.87 12.474
2 110.76 1
1 114.34 27.027
2 123.16 1
2 134.04 1
3 141.37 12.474
2 147.74 1
1 153.85 27.027
2 175.34 1
3 180.87 12.474
1 193.35 22.869
2 201.38 1
4 216.22 12.474
2 218.52 1
1 228.69 24.948
2 244.6 1
3 253.64 12.474
1 266.11 22.869
2 270.9 1
4 288.98 12.474
2 294.76 1
1 301.45 24.948
2 305.3 1
2 324.74 1
4 326.4 12.474
1 338.88 24.948
2 353.86 1
4 363.82 12.474
2 366.7 1
1 376.3 27.027
2 389.56 1
4 403.33 12.474
2 405.7 1
1 415.8 22.869
2 434.44 1
3 438.67 12.474
1 451.14 22.869
2 455 1
