1 0 24.948
4 24.948 12.474
1 37.422 24.948
2 38.039 1
2 58.979 1
4 62.37 12.474
1 74.844 27.027
2 81.079 1
2 100.5 1
3 101.87 12.474
1 114.34 22.869
2 121.08 1
4 137.21 12.474
2 143.92 1
1 149.69 24.948
2 171.76 1
4 174.64 12.474
1 187.11 24.948
2 189.66 1
4 212.06 12.474
2 214.5 1
1 224.53 24.948
2 233.56 1
2 245.72 1
3 249.48 12.474
1 261.95 22.869
2 268.6 1
2 283.76 1
3 284.82 12.474
1 297.3 22.869
2 300.88 1
3 320.17 12.474
2 320.92 1
1 332.64 27.027
2 348.9 1
4 359.67 12.474
2 368.86 1
1 372.14 27.027
2 385.82 1
3 399.17 12.474
2 402.98 1
1 411.64 22.869
2 428.48 1
3 434.51 12.474
2 442.98 1
1 446.99 27.027
2 455 1
