1 0 24.948
3 24.948 12.474
1 37.422 27.027
2 42.459 1
2 55.779 1
3 64.449 12.474
1 76.923 22.869
2 85.579 1
4 99.792 12.474
2 100.86 1
1 112.27 24.948
2 113.4 1
2 123.6 1
2 135.36 1
4 137.21 12.474
2 145.48 1
1 149.69 24.948
2 172.16 1
4 174.64 12.474
2 182.7 1
1 187.11 22.869
2 200.62 1
3 209.98 12.474
2 212.92 1
1 222.45 27.027
2 240.62 1
4 249.48 12.474
1 261.95 27.027
2 268.86 1
4 288.98 12.474
2 298.74 1
1 301.45 22.869
2 309.14 1
3 324.32 12.474
2 333.86 1
1 336.8 24.948
2 353.34 1
4 361.75 12.474
1 374.22 27.027
2 382.8 1
3 401.25 12.474
2 404.88 1
1 413.72 24.948
2 434.48 1
3 438.67 12.474
1 451.14 22.869
2 455 1
