1 0 24.948
3 24.948 12.474
2 36.699 1
1 37.422 22.869
2 54.999 1
4 60.291 12.474
1 72.765 24.948
2 82.699 1
3 97.713 12.474
2 103.94 1
1 110.19 27.027
2 117.66 1
2 136.42 1
4 137.21 12.474
1 149.69 27.027
2 162.7 1
4 176.72 12.474
2 181.76 1
1 189.19 24.948
2 202.7 1
3 214.14 12.474
2 215.9 1
1 226.61 24.948
2 241.24 1
3 251.56 12.474
2 263.2 1
1 264.03 22.869
2 275.5 1
4 286.9 12.474
2 290.16 1
1 299.38 24.948
2 308.2 1
4 324.32 12.474
2 335 1
1 336.8 22.869
2 350.2 1
3 359.67 12.474
2 365.12 1
1 372.14 22.869
2 389.92 1
3 395.01 12.474
1 407.48 27.027
2 415 1
2 430.86 1
4 434.51 12.474
1 446.99 27.027
2 455 1
