1 0 24.948
3 24.948 12.474
2 33.659 1
1 37.422 22.869
2 47.039 1
2 57.439 1
3 60.291 12.474
1 72.765 27.027
2 82.279 1
2 93.959 1
4 99.792 12.474
1 112.27 24.948
2 123.6 1
2 133.96 1
4 137.21 12.474
1 149.69 22.869
2 162.28 1
3 172.56 12.474
2 177.44 1
1 185.03 22.869
2 207.08 1
4 207.9 12.474
1 220.37 27.027
2 228.04 1
3 247.4 12.474
2 256.64 1
1 259.88 27.027
2 268.04 1
3 286.9 12.474
2 294.66 1
1 299.38 24.948
2 305.02 1
4 324.32 12.474
2 326.36 1
1 336.8 27.027
2 347.12 1
4 363.82 12.474
2 366.36 1
1 376.3 24.948
2 395.96 1
4 401.25 12.474
2 410.26 1
1 413.72 24.948
2 429.3 1
3 438.67 12.474
1 451.14 22.869
2 455 1
