1 0 24.948
4 24.948 12.474
1 37.422 22.869
2 42.979 1
4 60.291 12.474
2 67.939 1
1 72.765 27.027
2 88.839 1
3 99.792 12.474
2 109.76 1
1 112.27 27.027
2 128.96 1
3 139.29 12.474
2 144 1
1 151.77 27.027
2 156.02 1
2 170.18 1
4 178.79 12.474
1 191.27 22.869
2 196.02 1
2 206.92 1
3 214.14 12.474
1 226.61 24.948
2 231.84 1
3 251.56 12.474
2 252.64 1
1 264.03 24.948
2 271.74 1
4 288.98 12.474
2 290.82 1
1 301.45 22.869
2 317.68 1
4 324.32 12.474
1 336.8 22.869
2 339.62 1
4 359.67 12.474
2 368.72 1
1 372.14 24.948
2 390.94 1
3 397.09 12.474
2 408.72 1
1 409.56 24.948
2 426.78 1
3 434.51 12.474
2 441.86 1
1 446.99 27.027
2 455 1
