1 0 24.948
4 24.948 12.474
1 37.422 27.027
2 40.099 1
2 55.899 1
3 64.449 12.474
1 76.923 22.869
2 78.539 1
4 99.792 12.474
2 101.38 1
1 112.27 27.027
2 113.66 1
2 126.12 1
3 139.29 12.474
2 140.88 1
1 151.77 27.027
2 155.78 1
2 172.94 1
3 178.79 12.474
1 191.27 22.869
2 200.66 1
4 214.14 12.474
1 226.61 22.869
2 227.58 1
2 238.3 1
3 249.48 12.474
2 251.38 1
1 261.95 27.027
2 276.06 1
4 288.98 12.474
2 300.26 1
1 301.45 24.948
3 326.4 12.474
2 329.54 1
1 338.88 24.948
2 354.78 1
4 363.82 12.474
1 376.3 24.948
2 379.02 1
4 401.25 12.474
2 406.56 1
1 413.72 22.869
2 421.88 1
3 436.59 12.474
2 439.24 1
1 449.06 24.948
2 455 1
