1 0 24.948
3 24.948 12.474
1 37.422 22.869
2 40.679 1
2 54.999 1
4 60.291 12.474
2 67.739 1
1 72.765 24.948
2 81.539 1
2 96.859 1
3 97.713 12.474
1 110.19 22.869
2 123.06 1
3 133.06 12.474
1 145.53 27.027
2 151.78 1
4 172.56 12.474
2 176.46 1
1 185.03 22.869
2 200.62 1
4 207.9 12.474
1 220.37 27.027
2 225.6 1
3 247.4 12.474
2 251.96 1
1 259.88 24.948
2 262.46 1
3 284.82 12.474
2 289.72 1
1 297.3 22.869
2 319.22 1
4 320.17 12.474
1 332.64 27.027
2 334.84 1
2 346.12 1
3 359.67 12.474
2 367.52 1
1 372.14 27.027
2 382.54 1
4 399.17 12.474
2 401.14 1
1 411.64 24.948
2 416.98 1
2 430.62 1
4 436.59 12.474
1 449.06 24.948
2 455 1
