1 0 20.79
5 20.79 10.395
1 31.185 20.79
2 36.819 1
4 51.975 10.395
2 54.999 1
1 62.37 18.711
2 68.119 1
3 81.081 10.395
2 84.239 1
1 91.476 22.869
2 96.679 1
5 114.34 10.395
2 117.52 1
1 124.74 20.79
2 130.8 1
3 145.53 10.395
1 155.93 22.869
2 157.52 1
2 177.72 1
5 178.79 10.395
1 189.19 22.869
2 205.28 1
4 212.06 10.395
1 222.45 20.79
2 229.16 1
3 243.24 10.395
2 248.32 1
1 253.64 20.79
2 268.1 1
5 274.43 10.395
1 284.82 18.711
2 294.98 1
4 303.53 10.395
1 313.93 18.711
2 315.2 1
3 332.64 10.395
1 343.04 22.869
2 343.82 1
2 355.2 1
4 365.9 10.395
2 375 1
1 376.3 18.711
