1 0 20.79
3 20.79 10.395
1 31.185 20.79
2 40.919 1
4 51.975 10.395
2 55.499 1
1 62.37 22.869
2 79.799 1
3 85.239 10.395
1 95.634 22.869
2 102.46 1
2 115.72 1
5 118.5 10.395
1 128.9 18.711
2 132.04 1
4 147.61 10.395
1 158 22.869
2 158.78 1
5 180.87 10.395
2 182.46 1
1 191.27 18.711
2 200.88 1
4 209.98 10.395
2 214.96 1
1 220.37 20.79
2 231.5 1
3 241.16 10.395
1 251.56 22.869
2 254.96 1
5 274.43 10.395
2 280.38 1
1 284.82 20.79
2 299.5 1
3 305.61 10.395
2 315.2 1
1 316.01 20.79
2 332.54 1
4 336.8 10.395
1 347.19 18.711
2 354.12 1
5 365.9 10.395
2 375 1
1 376.3 18.711
