1 0 20.79
5 20.79 10.395
1 31.185 18.711
2 43.879 1
4 49.896 10.395
1 60.291 22.869
2 66.959 1
2 81.479 1
3 83.16 10.395
1 93.555 18.711
2 103.16 1
4 112.27 10.395
1 122.66 20.79
2 126.54 1
3 143.45 10.395
2 144.12 1
1 153.85 20.79
2 160.74 1
4 174.64 10.395
2 179.06 1
1 185.03 20.79
2 199.34 1
3 205.82 10.395
1 216.22 20.79
2 228.26 1
5 237.01 10.395
2 239.38 1
1 247.4 22.869
2 256.3 1
3 270.27 10.395
1 280.67 18.711
2 281.78 1
5 299.38 10.395
2 301.5 1
1 309.77 22.869
2 312.42 1
4 332.64 10.395
2 341.5 1
1 343.04 18.711
5 361.75 10.395
2 363.92 1
1 372.14 22.869
2 375 1
