1 0 20.79
3 20.79 10.395
2 28.119 1
1 31.185 20.79
4 51.975 10.395
2 57.959 1
1 62.37 20.79
2 70.599 1
5 83.16 10.395
2 90.199 1
1 93.555 18.711
2 103.82 1
3 112.27 10.395
2 119.56 1
1 122.66 20.79
2 134.36 1
5 143.45 10.395
1 153.85 18.711
2 161.24 1
4 172.56 10.395
2 181.64 1
1 182.95 18.711
2 191.8 1
5 201.66 10.395
1 212.06 18.711
2 216.06 1
4 230.77 10.395
1 241.16 22.869
2 243.42 1
2 255.94 1
3 264.03 10.395
2 269.28 1
1 274.43 22.869
2 294.48 1
4 297.3 10.395
1 307.69 22.869
2 321.14 1
3 330.56 10.395
1 340.96 20.79
2 347.52 1
5 361.75 10.395
1 372.14 22.869
2 375 1
