1 0 24.948
4 24.948 12.474
1 37.422 22.869
2 38.679 1
2 50.199 1
3 60.291 12.474
2 61.779 1
1 72.765 22.869
2 75.199 1
2 87.759 1
4 95.634 12.474
2 104.06 1
1 108.11 27.027
2 128.9 1
5 135.13 12.474
1 147.61 27.027
2 156.34 1
3 174.64 12.474
2 184.76 1
1 187.11 24.948
2 201.08 1
4 212.06 12.474
2 216.24 1
1 224.53 27.027
2 245.2 1
3 251.56 12.474
2 260.72 1
1 264.03 22.869
2 285.2 1
5 286.9 12.474
1 299.38 24.948
2 310.52 1
3 324.32 12.474
1 336.8 27.027
2 339 1
2 350.04 1
5 363.82 12.474
2 373.74 1
1 376.3 24.948
2 388.42 1
4 401.25 12.474
2 403.58 1
1 413.72 24.948
2 428.42 1
5 438.67 12.474
1 451.14 22.869
2 455 1
