1 0 20.79
3 20.79 10.395
1 31.185 22.869
2 32.799 1
2 52.599 1
5 54.054 10.395
1 64.449 22.869
2 78.439 1
4 87.318 10.395
1 97.713 18.711
2 107.38 1
3 116.42 10.395
2 120.4 1
1 126.82 22.869
2 134.56 1
5 149.69 10.395
2 155.52 1
1 160.08 18.711
2 175.98 1
4 178.79 10.395
1 189.19 18.711
2 200.74 1
3 207.9 10.395
1 218.3 22.869
2 222.94 1
2 233.42 1
5 241.16 10.395
2 244.48 1
1 251.56 20.79
4 272.35 10.395
2 274 1
1 282.74 20.79
2 300.98 1
5 303.53 10.395
1 313.93 20.79
2 320.02 1
4 334.72 10.395
2 335.26 1
1 345.11 20.79
2 354.8 1
3 365.9 10.395
2 375 1
1 376.3 18.711
