1 0 20.79
5 20.79 10.395
1 31.185 22.869
2 40.519 1
3 54.054 10.395
2 62.579 1
1 64.449 18.711
5 83.16 10.395
2 85.319 1
1 93.555 20.79
2 104.66 1
4 114.34 10.395
1 124.74 20.79
2 125.32 1
2 138.04 1
3 145.53 10.395
1 155.93 18.711
2 163.88 1
4 174.64 10.395
2 175.7 1
1 185.03 20.79
2 197.48 1
3 205.82 10.395
1 216.22 18.711
2 225.66 1
4 234.93 10.395
2 242.92 1
1 245.32 22.869
2 257.4 1
5 268.19 10.395
2 271.56 1
1 278.59 22.869
2 289.78 1
3 301.45 10.395
2 302.52 1
1 311.85 22.869
2 320.46 1
4 334.72 10.395
1 345.11 20.79
2 347.74 1
5 365.9 10.395
2 375 1
1 376.3 18.711
