1 0 20.79
3 20.79 10.395
2 25.819 1
1 31.185 22.869
2 40.859 1
5 54.054 10.395
2 60.299 1
1 64.449 20.79
4 85.239 10.395
2 89.399 1
1 95.634 18.711
2 104.84 1
5 114.34 10.395
1 124.74 20.79
2 129.8 1
2 140.7 1
4 145.53 10.395
1 155.93 22.869
2 165.26 1
3 178.79 10.395
2 184.2 1
1 189.19 18.711
2 205.26 1
4 207.9 10.395
1 218.3 20.79
2 233.34 1
3 239.09 10.395
1 249.48 18.711
2 259.4 1
5 268.19 10.395
1 278.59 20.79
2 288.58 1
3 299.38 10.395
1 309.77 18.711
2 314.44 1
4 328.48 10.395
2 335 1
1 338.88 22.869
2 349.14 1
5 361.75 10.395
2 363.08 1
1 372.14 22.869
2 375 1
