1 0 24.948
3 24.948 12.474
2 27.199 1
1 37.422 24.948
2 53.619 1
5 62.37 12.474
1 74.844 22.869
2 80.439 1
4 97.713 12.474
2 104 1
1 110.19 27.027
2 132.84 1
3 137.21 12.474
2 145.08 1
1 149.69 24.948
2 171.1 1
5 174.64 12.474
1 187.11 22.869
2 195.92 1
2 208.8 1
4 209.98 12.474
1 222.45 24.948
2 235.92 1
3 247.4 12.474
2 251.32 1
1 259.88 27.027
2 265.3 1
2 279.24 1
5 286.9 12.474
1 299.38 27.027
2 307.04 1
4 326.4 12.474
2 333.1 1
1 338.88 24.948
2 357.7 1
5 363.82 12.474
1 376.3 27.027
2 385.46 1
2 396.62 1
3 403.33 12.474
2 413.06 1
1 415.8 22.869
2 428.24 1
4 438.67 12.474
2 441.82 1
1 451.14 22.869
2 455 1
