1 0 20.79
5 20.79 10.395
1 31.185 18.711
2 39.659 1
4 49.896 10.395
2 57.919 1
1 60.291 20.79
5 81.081 10.395
2 82.699 1
1 91.476 18.711
2 108.24 1
4 110.19 10.395
1 120.58 20.79
2 129.56 1
3 141.37 10.395
1 151.77 22.869
2 158.96 1
4 174.64 10.395
2 180.7 1
1 185.03 18.711
2 199.58 1
5 203.74 10.395
1 214.14 20.79
2 214.92 1
2 229.38 1
3 234.93 10.395
1 245.32 22.869
2 248.06 1
4 268.19 10.395
2 273.16 1
1 278.59 20.79
2 290.52 1
3 299.38 10.395
1 309.77 18.711
2 311.64 1
2 326.86 1
5 328.48 10.395
2 337.46 1
1 338.88 22.869
2 352.36 1
3 361.75 10.395
1 372.14 22.869
2 375 1
