1 0 19.47
5 19.47 9.735
1 29.205 21.417
2 42.419 1
3 50.622 9.735
1 60.357 19.47
2 70.539 1
5 79.827 9.735
1 89.562 17.523
2 90.899 1
2 102.42 1
3 107.09 9.735
1 116.82 21.417
2 124.26 1
4 138.24 9.735
2 142.36 1
1 147.97 17.523
5 165.5 9.735
2 170.84 1
1 175.23 19.47
4 194.7 9.735
2 195.56 1
1 204.44 19.47
2 209.2 1
3 223.91 9.735
1 233.64 17.523
2 235.56 1
2 247.44 1
5 251.16 9.735
2 260.02 1
1 260.9 19.47
2 279.66 1
4 280.37 9.735
1 290.1 21.417
2 297.82 1
3 311.52 9.735
2 319.72 1
1 321.25 17.523
2 335 1
4 338.78 9.735
1 348.51 21.417
