1 0 19.47
5 19.47 9.735
1 29.205 21.417
2 44.479 1
3 50.622 9.735
1 60.357 17.523
2 68.319 1
4 77.88 9.735
2 79.219 1
1 87.615 19.47
2 89.739 1
3 107.09 9.735
2 112.14 1
1 116.82 21.417
2 127.42 1
5 138.24 9.735
2 146.74 1
1 147.97 17.523
2 164.34 1
4 165.5 9.735
1 175.23 21.417
2 193.44 1
3 196.65 9.735
1 206.38 17.523
2 214.1 1
4 223.91 9.735
2 230.26 1
1 233.64 21.417
2 250.94 1
5 255.06 9.735
1 264.79 19.47
2 276.26 1
3 284.26 9.735
1 294 19.47
2 295.6 1
5 313.47 9.735
2 320.32 1
1 323.2 19.47
2 335 1
4 342.67 9.735
1 352.41 17.523
