27.20 1.00 1.0
28.20 1.00 1.0
53.62 1.00 1.0
54.62 1.00 1.0
80.44 1.00 1.0
81.44 1.00 1.0
104.00 1.00 1.0
105.00 1.00 1.0
132.84 1.00 1.0
133.84 1.00 1.0
145.08 1.00 1.0
146.08 1.00 1.0
171.10 1.00 1.0
172.10 1.00 1.0
195.92 1.00 1.0
196.92 1.00 1.0
208.80 1.00 1.0
209.80 1.00 1.0
235.92 1.00 1.0
236.92 1.00 1.0
251.32 1.00 1.0
252.32 1.00 1.0
265.30 1.00 1.0
266.30 1.00 1.0
279.24 1.00 1.0
280.24 1.00 1.0
307.04 1.00 1.0
308.04 1.00 1.0
333.10 1.00 1.0
334.10 1.00 1.0
357.70 1.00 1.0
358.70 1.00 1.0
385.46 1.00 1.0
386.46 1.00 1.0
396.62 1.00 1.0
397.62 1.00 1.0
413.06 1.00 1.0
414.06 1.00 1.0
428.24 1.00 1.0
429.24 1.00 1.0
441.82 1.00 1.0
442.82 1.00 1.0
455.00 1.00 1.0
456.00 1.00 1.0
