39.44 1.00 1.0
40.44 1.00 1.0
69.40 1.00 1.0
70.40 1.00 1.0
93.54 1.00 1.0
94.54 1.00 1.0
108.44 1.00 1.0
109.44 1.00 1.0
119.18 1.00 1.0
120.18 1.00 1.0
133.08 1.00 1.0
134.08 1.00 1.0
161.16 1.00 1.0
162.16 1.00 1.0
190.62 1.00 1.0
191.62 1.00 1.0
219.88 1.00 1.0
220.88 1.00 1.0
232.14 1.00 1.0
233.14 1.00 1.0
258.24 1.00 1.0
259.24 1.00 1.0
268.28 1.00 1.0
269.28 1.00 1.0
298.28 1.00 1.0
299.28 1.00 1.0
322.76 1.00 1.0
323.76 1.00 1.0
338.32 1.00 1.0
339.32 1.00 1.0
354.18 1.00 1.0
355.18 1.00 1.0
381.92 1.00 1.0
382.92 1.00 1.0
393.84 1.00 1.0
394.84 1.00 1.0
403.84 1.00 1.0
404.84 1.00 1.0
419.36 1.00 1.0
420.36 1.00 1.0
444.46 1.00 1.0
445.46 1.00 1.0
455.00 1.00 1.0
456.00 1.00 1.0
