42.16 1.00 1.0
43.16 1.00 1.0
71.62 1.00 1.0
72.62 1.00 1.0
85.58 1.00 1.0
86.58 1.00 1.0
96.84 1.00 1.0
97.84 1.00 1.0
110.76 1.00 1.0
111.76 1.00 1.0
123.16 1.00 1.0
124.16 1.00 1.0
134.04 1.00 1.0
135.04 1.00 1.0
147.74 1.00 1.0
148.74 1.00 1.0
175.34 1.00 1.0
176.34 1.00 1.0
201.38 1.00 1.0
202.38 1.00 1.0
218.52 1.00 1.0
219.52 1.00 1.0
244.60 1.00 1.0
245.60 1.00 1.0
270.90 1.00 1.0
271.90 1.00 1.0
294.76 1.00 1.0
295.76 1.00 1.0
305.30 1.00 1.0
306.30 1.00 1.0
324.74 1.00 1.0
325.74 1.00 1.0
353.86 1.00 1.0
354.86 1.00 1.0
366.70 1.00 1.0
367.70 1.00 1.0
389.56 1.00 1.0
390.56 1.00 1.0
405.70 1.00 1.0
406.70 1.00 1.0
434.44 1.00 1.0
435.44 1.00 1.0
455.00 1.00 1.0
456.00 1.00 1.0
