38.68 1.00 1.0
39.68 1.00 1.0
50.20 1.00 1.0
51.20 1.00 1.0
61.78 1.00 1.0
62.78 1.00 1.0
75.20 1.00 1.0
76.20 1.00 1.0
87.76 1.00 1.0
88.76 1.00 1.0
104.06 1.00 1.0
105.06 1.00 1.0
128.90 1.00 1.0
129.90 1.00 1.0
156.34 1.00 1.0
157.34 1.00 1.0
184.76 1.00 1.0
185.76 1.00 1.0
201.08 1.00 1.0
202.08 1.00 1.0
216.24 1.00 1.0
217.24 1.00 1.0
245.20 1.00 1.0
246.20 1.00 1.0
260.72 1.00 1.0
261.72 1.00 1.0
285.20 1.00 1.0
286.20 1.00 1.0
310.52 1.00 1.0
311.52 1.00 1.0
339.00 1.00 1.0
340.00 1.00 1.0
350.04 1.00 1.0
351.04 1.00 1.0
373.74 1.00 1.0
374.74 1.00 1.0
388.42 1.00 1.0
389.42 1.00 1.0
403.58 1.00 1.0
404.58 1.00 1.0
428.42 1.00 1.0
429.42 1.00 1.0
455.00 1.00 1.0
456.00 1.00 1.0
