36.70 1.00 1.0
37.70 1.00 1.0
58.10 1.00 1.0
59.10 1.00 1.0
73.36 1.00 1.0
74.36 1.00 1.0
94.46 1.00 1.0
95.46 1.00 1.0
120.98 1.00 1.0
121.98 1.00 1.0
149.40 1.00 1.0
150.40 1.00 1.0
172.58 1.00 1.0
173.58 1.00 1.0
190.20 1.00 1.0
191.20 1.00 1.0
203.44 1.00 1.0
204.44 1.00 1.0
214.84 1.00 1.0
215.84 1.00 1.0
243.44 1.00 1.0
244.44 1.00 1.0
255.02 1.00 1.0
256.02 1.00 1.0
277.40 1.00 1.0
278.40 1.00 1.0
304.16 1.00 1.0
305.16 1.00 1.0
328.90 1.00 1.0
329.90 1.00 1.0
340.22 1.00 1.0
341.22 1.00 1.0
358.52 1.00 1.0
359.52 1.00 1.0
377.42 1.00 1.0
378.42 1.00 1.0
396.02 1.00 1.0
397.02 1.00 1.0
424.70 1.00 1.0
425.70 1.00 1.0
441.52 1.00 1.0
442.52 1.00 1.0
455.00 1.00 1.0
456.00 1.00 1.0
