1 0 19.47
4 19.47 9.735
2 25.959 1
1 29.205 17.523
2 42.179 1
5 46.728 9.735
1 56.463 21.417
2 65.759 1
3 77.88 9.735
2 83.579 1
1 87.615 17.523
5 105.14 9.735
2 112.62 1
1 114.87 21.417
2 124.32 1
3 136.29 9.735
1 146.03 17.523
2 148.1 1
4 163.55 9.735
2 170.28 1
1 173.28 19.47
3 192.75 9.735
2 199.34 1
1 202.49 19.47
2 210.36 1
5 221.96 9.735
1 231.69 19.47
2 239.88 1
3 251.16 9.735
1 260.9 21.417
2 268.18 1
2 279.12 1
4 282.31 9.735
1 292.05 21.417
2 295.54 1
5 313.47 9.735
1 323.2 19.47
2 324.52 1
2 335 1
4 342.67 9.735
1 352.41 17.523
