1 0 19.47
3 19.47 9.735
1 29.205 17.523
2 44.399 1
5 46.728 9.735
1 56.463 19.47
2 69.439 1
4 75.933 9.735
2 84.399 1
1 85.668 21.417
2 98.599 1
3 107.09 9.735
1 116.82 19.47
2 118.04 1
4 136.29 9.735
2 143.84 1
1 146.03 19.47
3 165.5 9.735
2 172.08 1
1 175.23 17.523
2 187.52 1
5 192.75 9.735
1 202.49 17.523
2 212.08 1
4 220.01 9.735
2 223.84 1
1 229.75 21.417
2 244.4 1
3 251.16 9.735
1 260.9 21.417
2 263.36 1
5 282.31 9.735
2 284.4 1
1 292.05 17.523
2 296.32 1
2 306.92 1
4 309.57 9.735
1 319.31 21.417
2 335 1
5 340.73 9.735
1 350.46 19.47
