1 0 19.47
4 19.47 9.735
2 26.939 1
1 29.205 19.47
5 48.675 9.735
2 54.999 1
1 58.41 21.417
2 75.959 1
3 79.827 9.735
2 88.899 1
1 89.562 17.523
2 101.44 1
5 107.09 9.735
1 116.82 19.47
2 128.5 1
3 136.29 9.735
1 146.03 19.47
2 147.48 1
4 165.5 9.735
2 168.5 1
1 175.23 17.523
2 187.54 1
5 192.75 9.735
1 202.49 17.523
2 215 1
3 220.01 9.735
1 229.75 17.523
2 241.58 1
4 247.27 9.735
1 257 19.47
2 266.92 1
3 276.47 9.735
2 283.34 1
1 286.21 21.417
2 306.92 1
5 307.63 9.735
1 317.36 21.417
2 321.58 1
2 335 1
4 338.78 9.735
1 348.51 21.417
