39.20 1.00 1.0
40.20 1.00 1.0
49.34 1.00 1.0
50.34 1.00 1.0
65.14 1.00 1.0
66.14 1.00 1.0
78.96 1.00 1.0
79.96 1.00 1.0
108.44 1.00 1.0
109.44 1.00 1.0
118.96 1.00 1.0
119.96 1.00 1.0
133.60 1.00 1.0
134.60 1.00 1.0
144.20 1.00 1.0
145.20 1.00 1.0
157.24 1.00 1.0
158.24 1.00 1.0
180.80 1.00 1.0
181.80 1.00 1.0
210.20 1.00 1.0
211.20 1.00 1.0
235.56 1.00 1.0
236.56 1.00 1.0
260.58 1.00 1.0
261.58 1.00 1.0
286.76 1.00 1.0
287.76 1.00 1.0
305.02 1.00 1.0
306.02 1.00 1.0
321.46 1.00 1.0
322.46 1.00 1.0
348.42 1.00 1.0
349.42 1.00 1.0
378.28 1.00 1.0
379.28 1.00 1.0
400.02 1.00 1.0
401.02 1.00 1.0
415.00 1.00 1.0
416.00 1.00 1.0
