36.22 1.00 1.0
37.22 1.00 1.0
52.66 1.00 1.0
53.66 1.00 1.0
78.50 1.00 1.0
79.50 1.00 1.0
92.50 1.00 1.0
93.50 1.00 1.0
115.50 1.00 1.0
116.50 1.00 1.0
129.06 1.00 1.0
130.06 1.00 1.0
146.06 1.00 1.0
147.06 1.00 1.0
172.50 1.00 1.0
173.50 1.00 1.0
189.44 1.00 1.0
190.44 1.00 1.0
206.08 1.00 1.0
207.08 1.00 1.0
222.78 1.00 1.0
223.78 1.00 1.0
246.14 1.00 1.0
247.14 1.00 1.0
260.30 1.00 1.0
261.30 1.00 1.0
279.08 1.00 1.0
280.08 1.00 1.0
300.50 1.00 1.0
301.50 1.00 1.0
323.56 1.00 1.0
324.56 1.00 1.0
346.86 1.00 1.0
347.86 1.00 1.0
370.42 1.00 1.0
371.42 1.00 1.0
389.00 1.00 1.0
390.00 1.00 1.0
415.00 1.00 1.0
416.00 1.00 1.0
