29.10 1.00 1.0
30.10 1.00 1.0
45.72 1.00 1.0
46.72 1.00 1.0
71.62 1.00 1.0
72.62 1.00 1.0
84.80 1.00 1.0
85.80 1.00 1.0
99.92 1.00 1.0
100.92 1.00 1.0
110.30 1.00 1.0
111.30 1.00 1.0
126.58 1.00 1.0
127.58 1.00 1.0
153.40 1.00 1.0
154.40 1.00 1.0
176.78 1.00 1.0
177.78 1.00 1.0
197.62 1.00 1.0
198.62 1.00 1.0
223.18 1.00 1.0
224.18 1.00 1.0
241.10 1.00 1.0
242.10 1.00 1.0
263.18 1.00 1.0
264.18 1.00 1.0
286.90 1.00 1.0
287.90 1.00 1.0
300.78 1.00 1.0
301.78 1.00 1.0
325.66 1.00 1.0
326.66 1.00 1.0
351.78 1.00 1.0
352.78 1.00 1.0
366.22 1.00 1.0
367.22 1.00 1.0
385.38 1.00 1.0
386.38 1.00 1.0
415.00 1.00 1.0
416.00 1.00 1.0
