36.92 1.00 1.0
37.92 1.00 1.0
55.24 1.00 1.0
56.24 1.00 1.0
82.36 1.00 1.0
83.36 1.00 1.0
101.00 1.00 1.0
102.00 1.00 1.0
112.10 1.00 1.0
113.10 1.00 1.0
133.32 1.00 1.0
134.32 1.00 1.0
162.22 1.00 1.0
163.22 1.00 1.0
175.84 1.00 1.0
176.84 1.00 1.0
186.56 1.00 1.0
187.56 1.00 1.0
201.34 1.00 1.0
202.34 1.00 1.0
214.22 1.00 1.0
215.22 1.00 1.0
227.06 1.00 1.0
228.06 1.00 1.0
253.44 1.00 1.0
254.44 1.00 1.0
274.80 1.00 1.0
275.80 1.00 1.0
292.88 1.00 1.0
293.88 1.00 1.0
320.04 1.00 1.0
321.04 1.00 1.0
341.72 1.00 1.0
342.72 1.00 1.0
366.94 1.00 1.0
367.94 1.00 1.0
396.22 1.00 1.0
397.22 1.00 1.0
415.00 1.00 1.0
416.00 1.00 1.0
