1 0 23.364
3 23.364 11.682
2 26.099 1
1 35.046 23.364
2 43.659 1
4 58.41 11.682
2 62.119 1
1 70.092 21.417
2 85.059 1
3 91.509 11.682
1 103.19 25.311
2 113.96 1
4 128.5 11.682
2 131.6 1
1 140.18 21.417
2 153.14 1
5 161.6 11.682
1 173.28 23.364
2 178.42 1
2 195.48 1
3 196.65 11.682
1 208.33 23.364
2 217.02 1
5 231.69 11.682
2 238.52 1
1 243.38 23.364
2 256.98 1
4 266.74 11.682
2 271.7 1
1 278.42 21.417
2 294.06 1
3 299.84 11.682
1 311.52 21.417
2 316.5 1
2 329.68 1
5 332.94 11.682
1 344.62 25.311
2 356.5 1
2 369 1
4 369.93 11.682
1 381.61 25.311
2 387.5 1
5 406.92 11.682
2 415 1
1 418.61 25.311
