1 0 23.364
4 23.364 11.682
2 29.099 1
1 35.046 23.364
2 45.719 1
3 58.41 11.682
1 70.092 25.311
2 71.619 1
2 84.799 1
4 95.403 11.682
2 99.919 1
1 107.09 25.311
2 110.3 1
2 126.58 1
5 132.4 11.682
1 144.08 23.364
2 153.4 1
3 167.44 11.682
2 176.78 1
1 179.12 21.417
2 197.62 1
5 200.54 11.682
1 212.22 21.417
2 223.18 1
3 233.64 11.682
2 241.1 1
1 245.32 23.364
2 263.18 1
4 268.69 11.682
1 280.37 25.311
2 286.9 1
2 300.78 1
5 305.68 11.682
1 317.36 21.417
2 325.66 1
3 338.78 11.682
1 350.46 25.311
2 351.78 1
2 366.22 1
4 375.77 11.682
2 385.38 1
1 387.45 21.417
5 408.87 11.682
2 415 1
1 420.55 23.364
