1 0 23.364
4 23.364 11.682
1 35.046 23.364
2 36.919 1
2 55.239 1
3 58.41 11.682
1 70.092 21.417
2 82.359 1
5 91.509 11.682
2 101 1
1 103.19 23.364
2 112.1 1
4 126.56 11.682
2 133.32 1
1 138.24 23.364
3 161.6 11.682
2 162.22 1
1 173.28 25.311
2 175.84 1
2 186.56 1
5 198.59 11.682
2 201.34 1
1 210.28 21.417
2 214.22 1
2 227.06 1
4 231.69 11.682
1 243.38 25.311
2 253.44 1
5 268.69 11.682
2 274.8 1
1 280.37 25.311
2 292.88 1
3 305.68 11.682
1 317.36 25.311
2 320.04 1
2 341.72 1
5 342.67 11.682
1 354.35 21.417
2 366.94 1
4 375.77 11.682
1 387.45 21.417
2 396.22 1
3 408.87 11.682
2 415 1
1 420.55 23.364
