1 0 23.364
3 23.364 11.682
1 35.046 23.364
2 40.919 1
4 58.41 11.682
2 60.719 1
1 70.092 21.417
2 87.159 1
5 91.509 11.682
1 103.19 23.364
2 114.86 1
4 126.56 11.682
2 135.06 1
1 138.24 25.311
2 147.36 1
3 163.55 11.682
2 173.52 1
1 175.23 25.311
2 198.98 1
5 200.54 11.682
1 212.22 21.417
2 213.52 1
2 224.14 1
3 233.64 11.682
2 238.22 1
1 245.32 23.364
2 267.72 1
5 268.69 11.682
1 280.37 23.364
2 289.46 1
2 299.96 1
3 303.73 11.682
1 315.41 21.417
2 321.32 1
4 336.83 11.682
2 339.96 1
1 348.51 21.417
2 358.22 1
5 369.93 11.682
1 381.61 25.311
2 387.6 1
2 401.44 1
4 406.92 11.682
2 415 1
1 418.61 25.311
