42.98 1.00 1.0
43.98 1.00 1.0
67.94 1.00 1.0
68.94 1.00 1.0
88.84 1.00 1.0
89.84 1.00 1.0
109.76 1.00 1.0
110.76 1.00 1.0
128.96 1.00 1.0
129.96 1.00 1.0
144.00 1.00 1.0
145.00 1.00 1.0
156.02 1.00 1.0
157.02 1.00 1.0
170.18 1.00 1.0
171.18 1.00 1.0
196.02 1.00 1.0
197.02 1.00 1.0
206.92 1.00 1.0
207.92 1.00 1.0
231.84 1.00 1.0
232.84 1.00 1.0
252.64 1.00 1.0
253.64 1.00 1.0
271.74 1.00 1.0
272.74 1.00 1.0
290.82 1.00 1.0
291.82 1.00 1.0
317.68 1.00 1.0
318.68 1.00 1.0
339.62 1.00 1.0
340.62 1.00 1.0
368.72 1.00 1.0
369.72 1.00 1.0
390.94 1.00 1.0
391.94 1.00 1.0
408.72 1.00 1.0
409.72 1.00 1.0
426.78 1.00 1.0
427.78 1.00 1.0
441.86 1.00 1.0
442.86 1.00 1.0
455.00 1.00 1.0
456.00 1.00 1.0
