27.28 1.00 1.0
28.28 1.00 1.0
56.40 1.00 1.0
57.40 1.00 1.0
80.28 1.00 1.0
81.28 1.00 1.0
105.00 1.00 1.0
106.00 1.00 1.0
120.28 1.00 1.0
121.28 1.00 1.0
139.74 1.00 1.0
140.74 1.00 1.0
150.88 1.00 1.0
151.88 1.00 1.0
170.88 1.00 1.0
171.88 1.00 1.0
199.74 1.00 1.0
200.74 1.00 1.0
215.54 1.00 1.0
216.54 1.00 1.0
239.74 1.00 1.0
240.74 1.00 1.0
260.20 1.00 1.0
261.20 1.00 1.0
271.08 1.00 1.0
272.08 1.00 1.0
284.96 1.00 1.0
285.96 1.00 1.0
312.68 1.00 1.0
313.68 1.00 1.0
330.50 1.00 1.0
331.50 1.00 1.0
356.62 1.00 1.0
357.62 1.00 1.0
378.80 1.00 1.0
379.80 1.00 1.0
399.34 1.00 1.0
400.34 1.00 1.0
418.88 1.00 1.0
419.88 1.00 1.0
435.00 1.00 1.0
436.00 1.00 1.0
455.00 1.00 1.0
456.00 1.00 1.0
