27.56 1.00 1.0
28.56 1.00 1.0
46.64 1.00 1.0
47.64 1.00 1.0
70.18 1.00 1.0
71.18 1.00 1.0
87.98 1.00 1.0
88.98 1.00 1.0
100.08 1.00 1.0
101.08 1.00 1.0
129.88 1.00 1.0
130.88 1.00 1.0
155.58 1.00 1.0
156.58 1.00 1.0
183.48 1.00 1.0
184.48 1.00 1.0
196.92 1.00 1.0
197.92 1.00 1.0
210.36 1.00 1.0
211.36 1.00 1.0
227.86 1.00 1.0
228.86 1.00 1.0
250.36 1.00 1.0
251.36 1.00 1.0
272.56 1.00 1.0
273.56 1.00 1.0
300.00 1.00 1.0
301.00 1.00 1.0
326.56 1.00 1.0
327.56 1.00 1.0
347.48 1.00 1.0
348.48 1.00 1.0
357.68 1.00 1.0
358.68 1.00 1.0
383.02 1.00 1.0
384.02 1.00 1.0
409.58 1.00 1.0
410.58 1.00 1.0
424.24 1.00 1.0
425.24 1.00 1.0
438.54 1.00 1.0
439.54 1.00 1.0
455.00 1.00 1.0
456.00 1.00 1.0
