40.68 1.00 1.0
41.68 1.00 1.0
55.00 1.00 1.0
56.00 1.00 1.0
67.74 1.00 1.0
68.74 1.00 1.0
81.54 1.00 1.0
82.54 1.00 1.0
96.86 1.00 1.0
97.86 1.00 1.0
123.06 1.00 1.0
124.06 1.00 1.0
151.78 1.00 1.0
152.78 1.00 1.0
176.46 1.00 1.0
177.46 1.00 1.0
200.62 1.00 1.0
201.62 1.00 1.0
225.60 1.00 1.0
226.60 1.00 1.0
251.96 1.00 1.0
252.96 1.00 1.0
262.46 1.00 1.0
263.46 1.00 1.0
289.72 1.00 1.0
290.72 1.00 1.0
319.22 1.00 1.0
320.22 1.00 1.0
334.84 1.00 1.0
335.84 1.00 1.0
346.12 1.00 1.0
347.12 1.00 1.0
367.52 1.00 1.0
368.52 1.00 1.0
382.54 1.00 1.0
383.54 1.00 1.0
401.14 1.00 1.0
402.14 1.00 1.0
416.98 1.00 1.0
417.98 1.00 1.0
430.62 1.00 1.0
431.62 1.00 1.0
455.00 1.00 1.0
456.00 1.00 1.0
