40.10 1.00 1.0
41.10 1.00 1.0
55.90 1.00 1.0
56.90 1.00 1.0
78.54 1.00 1.0
79.54 1.00 1.0
101.38 1.00 1.0
102.38 1.00 1.0
113.66 1.00 1.0
114.66 1.00 1.0
126.12 1.00 1.0
127.12 1.00 1.0
140.88 1.00 1.0
141.88 1.00 1.0
155.78 1.00 1.0
156.78 1.00 1.0
172.94 1.00 1.0
173.94 1.00 1.0
200.66 1.00 1.0
201.66 1.00 1.0
227.58 1.00 1.0
228.58 1.00 1.0
238.30 1.00 1.0
239.30 1.00 1.0
251.38 1.00 1.0
252.38 1.00 1.0
276.06 1.00 1.0
277.06 1.00 1.0
300.26 1.00 1.0
301.26 1.00 1.0
329.54 1.00 1.0
330.54 1.00 1.0
354.78 1.00 1.0
355.78 1.00 1.0
379.02 1.00 1.0
380.02 1.00 1.0
406.56 1.00 1.0
407.56 1.00 1.0
421.88 1.00 1.0
422.88 1.00 1.0
439.24 1.00 1.0
440.24 1.00 1.0
455.00 1.00 1.0
456.00 1.00 1.0
