36.70 1.00 1.0
37.70 1.00 1.0
55.00 1.00 1.0
56.00 1.00 1.0
82.70 1.00 1.0
83.70 1.00 1.0
103.94 1.00 1.0
104.94 1.00 1.0
117.66 1.00 1.0
118.66 1.00 1.0
136.42 1.00 1.0
137.42 1.00 1.0
162.70 1.00 1.0
163.70 1.00 1.0
181.76 1.00 1.0
182.76 1.00 1.0
202.70 1.00 1.0
203.70 1.00 1.0
215.90 1.00 1.0
216.90 1.00 1.0
241.24 1.00 1.0
242.24 1.00 1.0
263.20 1.00 1.0
264.20 1.00 1.0
275.50 1.00 1.0
276.50 1.00 1.0
290.16 1.00 1.0
291.16 1.00 1.0
308.20 1.00 1.0
309.20 1.00 1.0
335.00 1.00 1.0
336.00 1.00 1.0
350.20 1.00 1.0
351.20 1.00 1.0
365.12 1.00 1.0
366.12 1.00 1.0
389.92 1.00 1.0
390.92 1.00 1.0
415.00 1.00 1.0
416.00 1.00 1.0
430.86 1.00 1.0
431.86 1.00 1.0
455.00 1.00 1.0
456.00 1.00 1.0
