1 0 23.364
4 23.364 11.682
1 35.046 21.417
2 39.199 1
2 49.339 1
5 56.463 11.682
2 65.139 1
1 68.145 25.311
2 78.959 1
3 93.456 11.682
1 105.14 23.364
2 108.44 1
2 118.96 1
4 128.5 11.682
2 133.6 1
1 140.18 23.364
2 144.2 1
2 157.24 1
3 163.55 11.682
1 175.23 25.311
2 180.8 1
5 200.54 11.682
2 210.2 1
1 212.22 25.311
2 235.56 1
3 237.53 11.682
1 249.22 23.364
2 260.58 1
5 272.58 11.682
1 284.26 21.417
2 286.76 1
2 305.02 1
4 305.68 11.682
1 317.36 25.311
2 321.46 1
3 342.67 11.682
2 348.42 1
1 354.35 23.364
5 377.72 11.682
2 378.28 1
1 389.4 21.417
2 400.02 1
4 410.82 11.682
2 415 1
1 422.5 21.417
