1 0 23.364
4 23.364 11.682
1 35.046 25.311
2 38.239 1
2 57.979 1
3 60.357 11.682
1 72.039 21.417
2 77.339 1
5 93.456 11.682
2 101.06 1
1 105.14 23.364
3 128.5 11.682
2 130.46 1
1 140.18 21.417
2 143.46 1
2 154.06 1
4 161.6 11.682
1 173.28 25.311
2 181.06 1
3 198.59 11.682
2 209.58 1
1 210.28 21.417
2 225.86 1
5 231.69 11.682
2 242.62 1
1 243.38 21.417
2 254.1 1
4 264.79 11.682
1 276.47 25.311
2 280.44 1
2 293.3 1
5 301.79 11.682
2 306.96 1
1 313.47 23.364
2 334.1 1
4 336.83 11.682
1 348.51 23.364
2 359.6 1
5 371.88 11.682
2 374.1 1
1 383.56 23.364
2 394.36 1
3 406.92 11.682
2 415 1
1 418.61 25.311
