1 0 19.47
3 19.47 9.735
1 29.205 17.523
2 42.739 1
5 46.728 9.735
2 54.999 1
1 56.463 21.417
4 77.88 9.735
2 81.399 1
1 87.615 21.417
2 92.499 1
3 109.03 9.735
2 117.68 1
1 118.77 19.47
2 129.4 1
5 138.24 9.735
2 143 1
1 147.97 19.47
2 157.82 1
4 167.44 9.735
1 177.18 19.47
2 186.1 1
3 196.65 9.735
1 206.38 19.47
2 212 1
2 224.46 1
5 225.85 9.735
1 235.59 21.417
2 253.36 1
3 257 9.735
1 266.74 17.523
2 280.9 1
4 284.26 9.735
1 294 17.523
2 295 1
5 311.52 9.735
2 314.8 1
1 321.25 21.417
2 335 1
4 342.67 9.735
1 352.41 17.523
