1 0 19.47
5 19.47 9.735
1 29.205 21.417
2 41.299 1
3 50.622 9.735
1 60.357 21.417
2 64.739 1
4 81.774 9.735
2 84.159 1
1 91.509 17.523
2 95.179 1
3 109.03 9.735
1 118.77 19.47
2 122.16 1
5 138.24 9.735
1 147.97 17.523
2 151.14 1
4 165.5 9.735
2 167.7 1
1 175.23 21.417
2 180.72 1
3 196.65 9.735
2 200.06 1
1 206.38 19.47
2 220.64 1
5 225.85 9.735
1 235.59 21.417
2 245.58 1
4 257 9.735
2 260.64 1
1 266.74 17.523
5 284.26 9.735
2 289.84 1
1 294 19.47
2 303.54 1
3 313.47 9.735
1 323.2 19.47
2 324.2 1
2 335 1
4 342.67 9.735
1 352.41 17.523
