1 0 23.364
3 23.364 11.682
1 35.046 21.417
2 35.899 1
2 47.519 1
5 56.463 11.682
1 68.145 23.364
2 73.619 1
4 91.509 11.682
2 101.24 1
1 103.19 21.417
2 119.92 1
3 124.61 11.682
1 136.29 25.311
2 139.02 1
2 152.92 1
5 161.6 11.682
1 173.28 21.417
2 174.24 1
2 191.06 1
4 194.7 11.682
1 206.38 23.364
2 216.16 1
5 229.75 11.682
2 239.34 1
1 241.43 25.311
2 264.72 1
4 266.74 11.682
2 277.1 1
1 278.42 23.364
2 296.42 1
3 301.79 11.682
1 313.47 21.417
2 324.8 1
5 334.88 11.682
2 339.7 1
1 346.57 25.311
2 354.32 1
4 371.88 11.682
2 375 1
1 383.56 23.364
2 399.84 1
3 406.92 11.682
2 415 1
1 418.61 25.311
